Compound	Class	3cP	4cvCH	6cvCH	ncof	ncoi	noxy	1k	1ka	Shal	S(5)	S(7)	S(16)	S(17)	S(20)	S(26)	S(27)	S(30)	S(31)	S(36)	S(37)	S(56)	S(60)	eb	q+	q-	m	A	Svnc
Amantadine	1	4.3444	0	0.2448	0	0	0	6.5089	6.4732	0	0	0	0	0	0	0	0	0	0	0	0	0	0	0.1409	0.1396	0.3378	1.4123	-3.3756	50.5501
Phentermine	1	2.6258	0	0.0321	0	0	0	9.0909	8.2782	0	0	0	4.0833	0	0	1.3056	0	0	0	0	0	0	0	0.1377	0.15	0.3445	1.3523	-0.4788	79.8231
Felbamate	1	4.5461	0	0.0321	0	0	4	15.0588	13.1463	0	0	0	0	0	0	0.8704	0	0	0	0	0	0	0	0.1418	0.2635	0.4293	3.6218	-0.1586	116.2326
Fenfluramine	1	4.5247	0	0.0278	3	0	0	14.0625	13.0368	37.3132	4.1741	0	3.9369	0	0	0.1361	0	0	3.1709	0	0	0	0	0.1409	0.1465	0.2903	1.6118	0.1969	136.7227
Cocaine	1	8.364	0	0.0672	0	0	4	16.8438	15.3401	0	0	0	3.4236	0	0	0.5115	0	0	0	2.2306	0	0	0	0.1382	0.1566	0.3551	1.5863	0.2941	146.3342
Ajmaline	1	9.2214	0	0.0278	0	0	2	18.7811	16.2067	0	0	-5.7407	9.6467	0	2.4315	2.2118	0	0	0	0	4.0304	0	0	0.1172	0.2069	0.3748	3.3112	0.4509	126.5796
Hydroquinidine	1	9.6323	0	0.1911	0	0	2	17.4156	16.0043	0	0	0	3.9632	0	0	1.7824	1.9109	0	0	2.5052	0	0	0	0.1298	0.2044	0.3104	1.125	0.6776	149.3879
Ritodrine	1	7.1089	0	0.0556	0	0	3	17.3554	15.6648	0	3.0925	0	1.9249	0	0	2.3665	0	0	3.2836	0	0	0	0	0.1344	0.2259	0.3354	2.2001	-0.2611	146.4049
Sibutramine	1	6.3819	0.1768	0.0278	0	0	0	15.39	14.8703	6.039	0	0	9.0987	0	0	2.3111	0	0	0	2.4244	0	0	6.039	0.135	0.1767	0.2311	3.2096	-0.354	139.8436
Domperidone	1	11.6382	0	0.1164	0	0	2	21.8253	19.2088	6.0513	0	0	0	0	0	0.5122	3.5504	0	0	2.4237	0	0	6.0513	0.1328	0.2791	0.4221	5.1907	0.1236	191.391
Moexipril	1	12.6158	0	0.0852	0	0	7	30.5402	27.4771	0	5.2112	0	6.4052	0	0	3.6546	0	0	3.0898	0	0	0	0	0.1325	0.2564	0.3673	3.8299	0.0501	234.1264
Isradipine	1	9.6224	0	0.0421	0	0	5	21.7027	19.0919	0	0	0	8.3607	0	0	0.6158	1.0031	0	0	0	0	0	0	0.1348	0.1965	0.3573	7.6499	1.5099	164.5938
Terfenadine	1	12.7692	0	0.1565	0	0	2	28.0194	25.6275	0	0	0	6.6314	0	0	4.2549	0	0	0	2.4884	0	0	0	0.136	0.2159	0.3386	2.9997	-0.2113	238.6621
Salbutamol	1	5.0818	0	0.0241	0	0	3	15.0588	14.1223	0	3.0002	0	6.0705	0	0	1.1603	0	0	3.1972	0	0	0	0	0.1339	0.2256	0.3438	3.157	-0.3348	107.3773
Sematilide	1	6.0237	0	0.0278	0	0	3	19.0476	17.3219	0	0	0	5.2485	0	0	0.9498	0	0	0	2.2216	0	0	0	0.1407	0.2601	0.8845	3.9511	1.6057	144.7475
Cisapride	1	11.2082	0	0.1013	1	0	4	26.6021	24.4132	19.0418	0	0	3.1263	0	0	1.7352	0	5.8042	0	2.2832	0	0	6.0923	0.1314	0.2423	0.418	5.0683	0.0626	223.4176
Dofetilide	1	8.1118	0	0.0556	0	0	5	25.2622	22.8846	0	0	0	4.2312	0	0	2.8358	0	0	0	2.1411	0	0	0	0.1377	0.2582	0.8889	4.0826	1.5203	209.7395
Chlormethine	-1	1.5629	0	0	0	0	0	8	8.54	10.8948	0	0	2.0047	0	0	0	0	0	0	2.0972	0	0	10.8948	0.144	0.1216	0.2346	1.913	-1.0944	94.118
Oxcarbazepine	-1	7.0067	0	0.0556	0	0	2	13.9592	11.4693	0	0	0	0	0	0	2.5539	0	0	0	0	1.3984	0	0	0.1307	0.253	0.4316	4.2633	0.4636	128.8738
Fluconazole	-1	7.7861	0	0.0241	2	0	1	16.8438	14.2654	27.226	0	0	0	0	5.3981	-1.6178	0	0	0	0	2.7217	0	0	0.1453	0.2399	0.3125	3.3278	0.7822	186.5938
Fluvastatin	-1	9.8984	0	0.0556	1	0	4	24.6387	21.8981	13.4983	0	0	4.1216	0	3.3492	1.5604	0	0	0	0	2.1438	0	0	0.1259	0.2535	0.3926	4.1671	-0.1284	203.8134
Enoxacin	-1	8.6362	0	0.0882	1	0	3	17.8112	15.417	14.4324	3.9964	0	1.8106	0	1.2633	-0.1195	0	0	3.1803	0	3.3811	0	0	0.1356	0.255	0.3845	5.4269	0.8301	130.413
Norfloxacin	-1	8.6362	0	0.0929	1	0	3	17.8112	15.6383	14.4949	3.9825	0	1.8506	0	1.3258	0.6027	0	0	3.2081	0	3.6034	0	0	0.1334	0.2539	0.3997	9.0584	0.6271	129.4397
Azelaic_acid	-1	2.5629	0	0	0	0	4	13	11.94	0	0	0	0	0	0	0	0	0	0	0	0	0	0	0.1581	0.2485	0.3758	3.1002	-1.1774	89.0197
Methyclothiazide	-1	7.5169	0	0.0604	0	0	4	16.3719	15.2331	11.5208	0	0	1.3369	0	0	-0.6308	0	5.0053	0	0	1.017	0	11.5208	0.1441	0.2657	0.8915	8.9856	1.8842	130.757
Fludarabine	-1	8.0103	0	0.0125	1	0	4	14.9174	13.1193	13.2226	0	0	0	0	1.2455	-0.9903	0	5.5248	0	0	1.2361	0	0	0.1332	0.258	0.3839	1.7613	0.3727	132.7437
Aminosalicylic_acid	-1	3.3542	0	0.0241	0	0	3	9.0909	7.5558	0	0	0	0	0	0	-0.1072	0	5.2747	0	0	0	0	0	0.1326	0.2774	0.4199	3.3473	0.1179	66.4619
Furazolidone	-1	5.5094	0	0	0	0	5	12.4567	10.4576	0	0	0	0	0	1.2218	-0.1696	0	0	0	0	-0.6513	0	0	0.1476	0.1886	0.3486	8.5726	1.9029	124.2172
Oxamniquine	-1	6.5673	0	0.0569	0	0	3	16.3719	14.743	0	4.1169	0	4.1848	0	0	2.2238	0	0	3.3696	0	-0.441	0	0	0.1311	0.2643	0.3689	7.5552	0.7517	129.0898
Colestyramine	-1	7.3753	0	0.0556	0	0	0	18.3403	16.6078	0	0	0	11.1576	0	0	5.6743	0	0	0	0	0	0	0	0.0612	0.1323	0.2521	4.4923	-0.6896	154.4149
Eflornithine	-1	3.7069	0	0	2	0	2	12	11.41	24.2219	0	0	0	0	0	0	0	0	0	0	0	0	0	0.1441	0.2547	0.3569	1.8352	-0.7314	90.4592
Loracarbef	-1	9.0884	0.0745	0.0643	0	0	4	18.7811	16.4768	5.9185	0	0	0	0	0	0.6356	0	0	0	0	0	0	5.9185	0.1393	0.2548	0.368	4.4141	0.4256	155.705
Fenofibrate	-1	8.4129	0	0.0556	0	0	4	21.3018	19.3165	5.836	0	0	6.8525	0	0	2.1438	0	0	0	0	0	0	5.836	0.1421	0.1495	0.3179	4.6155	0.4127	200.6564
Mebendazole	-1	8.0222	0	0.0561	0	0	3	16.8438	13.8158	0	0	0	1.2724	0	0	2.4623	0	0	0	0	0	0	0	0.1362	0.2618	0.4062	4.9526	0.4611	159.3372
Glimepiride	-1	11.8973	0	0.1111	0	0	5	28.5694	25.61	0	0	0	5.9194	0	0	0.8059	0	0	0	0	0	0	0	0.146	0.2423	0.8708	12.3629	1.6281	219.2403
Methoxsalen	-1	6.205	0	0.0351	0	0	4	11.1111	9.4741	0	0	0	1.5176	0	3.0871	1.6787	1.5024	0	0	0	0	0	0	0.132	0.2064	0.279	6.2224	0.8769	117.8444
Danazol	-1	11.7269	0	0.1153	0	0	2	17.1225	15.8515	0	0	6.6856	4.7123	0	2.2662	2.2231	0	0	0	0	0	0	0	0.1349	0.2256	0.3332	5.0361	0.4068	154.6562
Miconazole	-1	8.7316	0	0.0481	0	0	1	19.7531	18.5578	24.539	0	0	0	0	5.3209	3.9934	0	0	0	0	1.9296	0	24.539	0.1341	0.2004	0.2602	3.212	0.6603	264.1425
Etidronic_acid	-1	3.75	0	0	0	0	7	11	11	0	0	0	0.3835	0	0	0	0	0	0	0	0	0	0	0.1532	0.267	1.0632	5.0954	0.1194	82.6526
Finasteride	-1	10.6225	0	0.1203	0	0	2	20.28	19.0163	0	0	0	10.958	0	3.954	0	0	0	0	0	0	0	0	0.1422	0.2511	0.3908	7.3529	-0.4146	138.7282
Betaine	-1	1.0206	0	0	0	0	2	8	7.59	0	0	0	5.5242	0	0	0	0	0	0	0	0	0	0	0.061	0.2379	0.3967	1.4738	-1.442	50.6323
Allopurinol	-1	3.6832	0	0.0144	0	0	1	6.6942	5.307	0	0	0	0	0	1.4769	1.0498	0	0	0	0	0	0	0	0.141	0.2996	0.3235	0.6304	0.6036	65.1858
Mupirocin	-1	11.2258	0	0.0321	0	0	9	31.2191	29.8676	0	0	0	5.4368	0	1.4033	0	0	0	0	0	0	0	0	0.1442	0.2482	0.3764	2.4545	-0.4	218.5533
Glipizide	-1	10.424	0	0.1465	0	0	4	25.6198	22.5431	0	0	0	1.789	0	0	1.826	0	0	0	0	0	0	0	0.1459	0.2492	0.8726	9.1913	1.6065	221.9567
Methylthioninium_chloride	-1	7.4574	0	0.0823	0	0	0	14.9174	13.186	0	0	0	8.2399	0	0	2.4142	4.5654	0	0	0	4.2353	0	0	0.0844	0.1518	0.3357	2.1052	-0.0978	116.1423
Docusate_sodium	-1	8.6751	0	0.0804	0	0	4	21.7027	18.6354	0	0	0	2.7406	0	0	3.889	0	0	0	0	0	0	0	0.1345	0.1638	0.3427	2.8313	0.004	197.0083
Cefradine	-1	9.0884	0.0745	0.104	0	0	4	18.7811	16.7858	0	0	0	1.6992	0	5.8827	0	0	0	0	0	0	1.4459	0	0.137	0.2558	0.3678	3.452	0.5423	151.4212
Cefditoren	-1	14.9035	0.0745	0.0559	0	0	7	33.8843	30.9275	0	0	0	8.1603	0	3.545	2.1539	0	5.6844	0	0	0	1.3658	0	0.1318	0.2688	0.3979	6.1087	0.6934	256.9867
Ofloxacin	-1	10.2596	0	0.1029	1	0	4	19.3222	16.9885	15.3511	0	0	3.8917	0	2.9107	-0.8179	0	0	0	2.123	3.6204	0	0	0.132	0.2528	0.3848	9.0783	0.8363	137.4188
Ethinylestradiol	-1	9.7725	0	0.1138	0	0	2	15.5232	14.3023	0	0	6.4572	2.2154	0	0	3.1136	0	0	0	0	0	0	0	0.1327	0.2245	0.332	2.2631	-0.4019	137.064
Carbenicillin	-1	9.3889	0.0745	0.0321	0	0	6	20.727	18.5578	0	0	0	3.4543	0	0	0.3092	0	0	0	0	0	1.2859	0	0.1353	0.2573	0.3566	3.0086	-0.0117	169.3374
Adapalene	-1	12.7342	0	0.317	0	0	3	21.5278	19.2145	0	0	0	1.8007	0	0	5.166	2.0214	0	0	0	0	0	0	0.13	0.2511	0.3791	3.2595	0.8967	199.4837
Candesartan	-1	12.3548	0	0.0796	0	0	3	24.6837	20.6793	0	0	0	1.8731	0	0	5.2198	0	0	0	0	1.8109	0	0	0.1349	0.2786	0.3682	5.457	0.4989	232.8917
Cloxacillin	-1	11.2595	0.0745	0.0278	0	0	5	22.2031	19.9349	6.229	0	0	5.1589	0	0	1.7366	0	0	0	0	0	1.3617	6.229	0.1376	0.254	0.3586	3.7839	0.5052	200.9719
Pemoline	-1	4.4349	0	0.0321	0	0	2	9.551	7.943	0	0	0	0	0	0	0.7747	0	5.2598	0	0	0	0	0	0.1417	0.1939	0.2506	5.1069	0.6507	98.828
Flunisolide	-1	13.3191	0	0.0974	1	0	6	22.7755	21.4365	15.4457	0	0	7.3242	0	4.602	0	0	0	0	0	0	0	0	0.145	0.21	0.3335	9.0418	0.3505	179.8351
Phenoxymethylpenicillin	-1	8.5909	0.0745	0.0321	0	0	5	18.7811	16.7858	0	0	0	3.5822	0	0	0.5662	0	0	0	0	0	1.3911	0	0.1354	0.2575	0.369	4.2839	0.0248	151.6053
Mometasone	-1	13.1273	0	0.0942	0	0	4	21.2404	20.587	13.1883	0	0	5.8114	0	5.0525	0	0	0	0	0	0	0	13.1883	0.1441	0.2168	0.325	7.3664	0.2159	190.9682
Nitrofurantoin	-1	5.7543	0	0	0	0	5	13.4321	10.951	0	0	0	0	0	1.1162	-0.3081	0	0	0	0	0.1946	0	0	0.1449	0.2914	0.3399	7.4342	1.9017	127.2336
Lamotrigine	-1	5.8176	0	0.0352	0	0	0	12.4567	10.9123	11.9065	0	0	0	0	0	1.8874	0	11.0268	0	0	0	0	11.9065	0.1376	0.2537	0.3924	4.4263	0.3683	115.8359
Melphalan	-1	5.7202	0	0.0278	0	0	2	17.0526	16.0855	11.5006	0	0	0	0	0	1.9206	0	0	0	0	2.0842	0	11.5006	0.1329	0.2501	0.3808	2.4032	-0.0488	160.0161
Chlorambucil	-1	5.2709	0	0.0278	0	0	2	17.0526	16.1253	11.542	0	0	0	0	0	2.2546	0	0	0	0	2.1399	0	11.542	0.1317	0.2489	0.3848	2.5579	-0.2458	160.2914
Bacampicillin	-1	11.314	0.0745	0.0321	0	0	7	26.6021	24.3347	0	0	0	6.6135	0	0	0.6297	0	0	0	0	0	1.3808	0	0.1356	0.2328	0.3676	3.5552	0.2164	199.5665
Pantoprazole	-1	9.1001	0	0.0427	2	0	4	20.727	18.3928	24.6029	0	0	2.9668	0	0	2.2337	0	0	0	0	0	0	0	0.1348	0.2545	0.6731	9.6108	0.8686	190.0302
Benzocaine	-1	3.6093	0	0.0278	0	0	2	10.0833	8.7439	0	0	0	1.773	0	0	1.1751	0	5.4487	0	0	0	0	0	0.1312	0.23	0.4265	3.2939	-0.0803	89.5793
Baclofen	-1	4.0257	0	0.0278	0	0	2	12.0714	11.0173	5.7177	0	0	0	0	0	1.5548	0	0	0	0	0	0	5.7177	0.1402	0.2502	0.3736	2.4972	0.0986	124.1533
Methotrexate	-1	11.2301	0	0.0547	0	0	5	27.5853	23.2768	0	0	0	1.8156	0	0	1.7498	0.6415	11.4105	0	0	1.8599	0	0	0.1296	0.2607	0.3806	3.794	0.9855	211.7383
Griseofulvin	-1	9.7394	0	0.0475	0	0	6	18.7811	17.2594	6.3333	0	0	6.0768	0	1.3069	1.2221	0	0	0	0	0	0	6.3333	0.1372	0.1532	0.353	6.1126	0.7059	137.1862
Medrysone	-1	10.412	0	0.1094	0	0	3	18.3673	17.4536	0	0	0	8.5462	0	1.9007	0	0	0	0	0	0	0	0	0.1472	0.2146	0.3504	4.8344	0.0445	139.8463
Penicillamine	-1	2.366	0	0	0	0	2	9	8.78	0	0	0	3.3232	0	0	0	0	0	0	0	0	0	0	0.1288	0.2511	0.3212	4.0683	-0.8532	55.0614
Cytarabine	-1	6.3954	0	0.0167	0	0	5	13.4321	11.9896	0	0	0	0	0	0	-0.6409	0	5.3245	0	0	0	0	0	0.1393	0.2219	0.3507	6.3363	0.1713	95.6771
Ethotoin	-1	5.4523	0	0.0321	0	0	2	11.4844	9.705	0	0	0	1.7826	0	0	0.8257	0	0	0	0	0	0	0	0.1436	0.287	0.3933	2.4742	0.0937	106.3011
Pseudoephedrine	1	3.9349	0	0.0321	0	0	1	10.0833	9.2298	0	2.9284	0	3.8001	0	0	0.9577	0	0	3.0132	0	0	0	0	0.1379	0.2036	0.3216	2.2864	-0.2951	87.9705
Terbutaline	1	4.3694	0	0.0241	0	0	3	14.0625	13.1264	0	2.8292	0	5.999	0	0	0.3925	0	0	3.1458	0	0	0	0	0.1336	0.226	0.3405	1.9626	-0.1927	101.0471
Tacrolimus	1	20.8984	0	0.1604	0	0	12	49.6533	47.0625	0	0	0	13.7762	3.8735	5.5928	0	0	0	0	0	0	0	0	0.1353	0.268	0.3813	8.2228	0.4977	331.1504
Moxifloxacin	1	11.8369	0	0.0931	1	0	4	20.8779	18.5705	15.3202	4.5607	0	1.4781	0	1.3891	0.6912	0	0	3.5181	0	3.803	0	0	0.1319	0.2534	0.3972	8.44	0.6506	157.0807
Atropine	1	7.8303	0	0.0751	0	0	3	15.879	14.6967	0	0	0	2.1675	0	0	0.8203	0	0	0	2.4217	0	0	0	0.1361	0.2096	0.3589	1.6621	-0.2721	130.6762
Methadone	1	8.074	0	0.0642	0	0	1	19.3264	17.4243	0	0	0	8.2882	0	0	2.1792	0	0	0	2.1841	0	0	0	0.1369	0.1502	0.2815	2.6777	-0.1783	158.2057
Hydrochlorothiazide	1	5.9505	0	0.075	0	0	4	13.4321	12.0188	5.7246	0	0	0	0	0	-0.5128	0	4.9314	0	0	0	0	5.7246	0.1435	0.2668	0.8914	9.314	1.8525	92.2003
Sotalol	1	4.7966	0	0.0278	0	0	3	16.0556	14.8197	0	3.2455	0	5.1111	0	0	1.243	0	0	3.1351	0	0	0	0	0.1421	0.2585	0.8875	5.2982	1.461	126.0607
Midodrine	1	5.8011	0	0.0241	0	0	4	16.0556	14.5905	0	0	0	3.0463	0	0	1.6893	0	0	0	0	0	0	0	0.1307	0.2203	0.3952	5.3703	-0.1517	119.9784
Azimilide	1	11.6143	0	0.0778	0	0	3	25.1037	22.666	5.9199	0	0	2.1395	0	1.4598	2.7242	0	0	0	4.7641	1.1878	0	5.9199	0.1346	0.1643	0.3819	3.9668	1.1087	230.1523
Flecainide	1	8.2103	0	0.0962	6	0	3	24.2711	22.4392	74.1303	4.3558	0	0	0	0	-1.0388	0	0	3.1895	0	0	0	0	0.137	0.2281	0.3869	4.4769	0.6529	225.4334
Pimozide	1	12.7115	0	0.1479	2	0	1	25.6413	22.5377	26.9311	0	0	0	0	0	1.5644	1.8703	0	0	2.4611	0	0	0	0.1325	0.277	0.4196	1.1287	0.081	237.433
Terodiline	1	6.146	0	0.0642	0	0	0	17.3554	15.7825	0	4.7321	0	8.9591	0	0	2.7894	0	0	3.6891	0	0	0	0	0.1379	0.152	0.2803	1.0924	-0.3414	148.8391
Sertindole	1	12.0092	0	0.1164	1	0	1	22.7755	20.3392	19.7681	0	0	0	0	2.1975	2.5315	0	0	0	2.4526	4.0309	0	6.3397	0.1288	0.2747	0.4356	3.1219	0.4657	221.5127
Venlafaxine	1	6.6541	0	0.1162	0	0	2	16.3719	15.4881	0	0	0	5.8258	0	0	2.0805	0	0	0	2.1681	0	0	0	0.1314	0.2046	0.3381	2.0717	-0.5934	122.3933
Indapamide	1	8.7207	0	0.0518	0	0	3	18.7811	16.4768	5.8447	0	0	1.9979	0	0	1.9502	0	5.1212	0	0	1.7806	0	5.8447	0.1364	0.2231	0.8882	8.7674	1.6501	152.8702
Sultopride	1	8.6535	0	0.0241	0	0	4	20.3136	18.7642	0	0	0	5.1636	0	0	0.7791	0	0	0	2.3427	0	0	0	0.1405	0.2278	0.8885	2.5939	1.5591	145.8443
Cefoperazone	-1	16.9627	0.0745	0.1087	0	0	8	35.3108	31.2609	0	0	0	3.3438	0	0	0.1248	0	0	3.7381	0	1.4375	2.4862	0	0.1368	0.258	0.3939	11.5487	1.297	278.5287
Amoxicillin	-1	9.4695	0.0745	0.0278	0	0	5	19.7531	17.8693	0	0	0	3.534	0	0	0.5622	0	0	0	0	0	1.353	0	0.134	0.2572	0.3674	3.8069	-0.007	150.3193
Clocortolone	-1	12.3043	0	0.0875	1	0	4	21.2404	20.2416	22.5434	0	0	5.7921	0	4.4132	0	0	0	0	0	0	0	7.2383	0.1476	0.217	0.3217	5.3727	0.7616	186.4869
Mitotane	-1	6.0469	0	0.0556	0	0	0	14.41	14.0185	24.2789	0	0	0	0	0	3.2362	0	0	0	0	0	0	24.2789	0.1401	0.1588	0.1283	2.4404	0.2811	202.6577
Clindamycin	-1	9.6964	0	0.0262	0	0	5	23.2806	23.1915	6.3126	0	0	7.5396	0	0	0	0	0	0	2.0487	0	1.2355	6.3126	0.1334	0.2496	0.3946	4.8609	-0.0537	165.3611
Meclocycline	-1	13.8861	0	0.0838	0	0	8	26.0741	23.4579	5.2787	0	0	2.9053	3.9085	0	-0.4985	0	0	0	1.3269	0	0	5.2787	0.137	0.3023	0.4356	3.3935	0.8285	182.1678
Dapsone	-1	6.1361	0	0.0556	0	0	2	13.4321	11.3485	0	0	0	0	0	0	1.4958	0	11.0343	0	0	0	0	0	0.1328	0.231	0.8891	8.0063	0.9907	90.809
Montelukast	-1	14.4591	0	0.0982	0	0	3	32.3951	29.5296	6.1675	0	0	3.658	0	4.1047	5.9485	1.919	0	0	0	0	1.8698	6.1675	0.1304	0.2479	0.3778	2.629	1.0602	303.3747
Natamycin	-1	16.2503	0	0.054	0	0	13	39.7808	37.3798	0	0	0	3.3372	0	16.5746	0	0	0	0	0	0	0	0	0.131	0.2646	0.3519	3.458	0.6214	299.0614
Dactinomycin	-1	34.3946	0	0.0479	0	0	16	77.3535	69.2373	0	0	0	24.4983	0	0	-0.2515	0	6.5569	0	0	0	0	0	0.1346	0.2613	0.4269	12.7218	2.1349	446.7378
Dyclonine	-1	6.6671	0	0.1068	0	0	2	17.3554	16.1852	0	0	0	2.1463	0	0	1.6582	0	0	0	2.4064	0	0	0	0.137	0.158	0.3059	3.8764	0.2225	135.4031
Loperamide	-1	12.8127	0	0.1478	0	0	2	27.046	24.4641	6.031	0	0	3.6589	0	0	3.611	0	0	0	2.369	0	0	6.031	0.1375	0.2087	0.3777	4.7692	-0.1493	258.3937
Cefadroxil	-1	9.4991	0.0745	0.0837	0	0	5	19.7531	17.6175	0	0	0	1.6732	0	0	0.5559	0	0	0	0	0	1.4008	0	0.1345	0.2558	0.3678	2.8378	0.5521	159.7156
Bacitracin	-1	32.5089	0	0.0321	0	0	16	92.3838	83.3703	0	0	0	14.4755	0	2.7034	0.5629	0	0	0	0	0	1.3623	0	0.1326	0.2775	0.4285	14.5687	0.2665	537.8199
Misoprostol	-1	8.0347	0	0	0	0	5	25.037	23.9985	0	0	0	5.3449	0	3.8784	0	0	0	0	0	0	0	0	0.1415	0.2096	0.3619	4.6497	-0.9668	170.3063
Diethylstilbestrol	-1	6.8248	0	0.0556	0	0	2	16.3719	14.5079	0	0	0	4.2743	0	0	2.8372	0	0	0	0	0	0	0	0.1335	0.2253	0.2602	2.2665	-0.3254	145.819
Linezolid	-1	8.3308	0	0.0697	1	0	4	18.7811	16.6602	14.4479	0	0	1.3971	0	0	0.5664	0	0	0	0	1.9211	0	0	0.1347	0.2258	0.3968	6.4543	0.3917	160.4511
Furosemide	-1	6.8821	0	0.0208	0	0	5	17.3554	15.39	5.8358	0	0	0	0	0	-0.1122	0	4.9873	0	0	0	0	5.8358	0.1373	0.2779	0.8946	5.0978	1.4794	131.3468
Amcinonide	-1	16.0272	0	0.0942	1	0	7	26.2344	24.5885	17.4275	0	0	4.9576	0	4.5412	0	0	0	0	0	0	0	0	0.1441	0.2082	0.365	6.5165	0.2618	211.763
Diflorasone	-1	13.5005	0	0.0875	2	0	5	22.2031	20.8175	32.0958	0	0	4.8194	0	3.7021	0	0	0	0	0	0	0	0	0.1443	0.2243	0.3379	10.1482	0.3073	177.8316
Metronidazole	-1	3.7145	0	0	0	0	3	10.0833	8.6646	0	0	0	1.6554	0	1.1855	0	0	0	0	0	0.8429	0	0	0.1449	0.2203	0.3671	5.1287	0.9782	98.5322
Nafcillin	-1	10.9992	0.0745	0.0486	0	0	5	22.2031	19.7242	0	0	0	5.4496	0	0	0.8365	1.6318	0	0	0	0	1.3994	0	0.13	0.2565	0.3702	3.8921	0.7479	179.5786
Albendazole	-1	5.9192	0	0.0241	0	0	2	14.41	12.9148	0	0	0	3.4682	0	0	2.9076	0	0	0	0	0	1.797	0	0.1262	0.2624	0.3892	4.7709	0.244	111.2645
Chloramphenicol	-1	6.5834	0	0.0278	0	0	5	18.05	16.6438	10.7015	0	0	0	0	0	0.1692	0	0	0	0	-0.5763	0	10.7015	0.1499	0.2354	0.3693	7.3505	1.3896	189.9757
Diiodohydroxyquinoline	-1	4.9222	0	0.0396	0	2	1	9.551	9.5991	4.3477	0	0	0	0	0	2.2294	1.6804	0	0	0	0	0	0	0.1349	0.2372	0.3373	1.4957	1.179	79.0392
Lincomycin	-1	9.6964	0	0.0262	0	0	6	23.2806	22.8648	0	0	0	7.2551	0	0	0	0	0	0	2.0101	0	1.1969	0	0.1329	0.2468	0.3859	5.6254	-0.1122	145.4863
Cycloserine	-1	2.2903	0	0	0	0	2	5.1429	4.5465	0	0	0	0	0	0	0	0	0	0	0	0	0	0	0.1445	0.2951	0.3455	3.031	-1.0589	52.0327
Hydroxycarbamide	-1	0.8165	0	0	0	0	2	5	4.23	0	0	0	0	0	0	0	0	0	0	0	0	0	0	0.1426	0.2645	0.445	5.7864	-0.982	40.6015
Clobetasol	-1	14.0545	0	0.0942	1	0	5	25.1037	23.777	23.1938	0	0	7.1305	0	4.4905	0	0	0	0	0	0	0	6.0088	0.1434	0.2076	0.3236	9.1275	0.1734	208.4993
Acetazolamide	-1	3.5707	0	0	0	0	3	11.0769	9.8649	0	0	0	1.2758	0	0	-0.215	0	4.7683	0	0	0	0	0	0.1539	0.262	0.8669	4.5828	2.0918	87.6129
Phenelzine	-1	2.6907	0	0.0321	0	0	0	8.1	7.2494	0	2.5812	0	0	0	0	1.3199	0	0	2.6162	0	0	0	0	0.1342	0.1533	0.3005	0.198	-0.4299	80.854
Biperiden	-1	8.939	0	0.1565	0	0	1	16.4675	15.4102	0	0	0	0	0	4.7409	1.1277	0	0	0	2.556	0	0	0	0.1359	0.2123	0.3336	1.1903	-0.4057	140.7374
Fluorometholone	-1	12.5563	0	0.0875	1	0	4	20.28	19.0068	16.8728	0	0	7.0088	0	4.5651	0	0	0	0	0	0	0	0	0.143	0.2111	0.3254	8.652	0.136	157.6183
Norethisterone	-1	9.7725	0	0.1379	0	0	2	15.5232	14.5177	0	0	6.5795	2.2326	0	1.949	0	0	0	0	0	0	0	0	0.1449	0.2255	0.3331	4.9547	-0.012	131.0295
Atovaquone	-1	10.3571	0	0.1545	0	0	3	19.3222	17.1972	5.9591	0	0	0	0	0	2.6839	0	0	0	0	0	0	5.9591	0.1374	0.2445	0.2818	4.3732	1.6123	199.793
Oxacillin	-1	10.787	0.0745	0.0321	0	0	5	21.2404	18.854	0	0	0	5.2166	0	0	1.7571	0	0	0	0	0	1.3804	0	0.1362	0.2578	0.3631	5.0731	0.4862	179.6865
Bumetanide	-1	7.8484	0	0.0529	0	0	5	21.3018	18.6261	0	0	0	2.0065	0	0	0.0868	0	5.2755	0	0	0	0	0	0.1321	0.2546	0.8798	2.8851	1.4421	175.7387
Ethosuximide	-1	3.5681	0	0	0	0	2	8.1	7.2494	0	0	0	3.7276	0	0	0	0	0	0	0	0	0	0	0.1534	0.2629	0.3413	2.2073	-0.2688	61.5981
Mecamylamine	-1	5.5607	0	0.0417	0	0	0	8.5917	8.5535	0	4.3717	0	9.4166	0	0	0	0	0	3.562	0	0	0	0	0.1372	0.1502	0.2856	1.1254	-3.2166	60.506
Alitretinoin	-1	6.4093	0	0.0442	0	0	2	20.0455	18.3792	0	0	0	10.7018	0	11.2901	0	0	0	0	0	0	0	0	0.1328	0.2467	0.3764	2.2349	0.3103	160.0786
Cetrorelix	-1	33.4849	0	0.1322	0	0	14	90.8815	80.1884	6.2251	0	0	6.1561	0	0	2.2621	1.8368	13.1011	0	0	0	0	6.2251	0.1347	0.2621	0.4999	7.6607	0.9643	671.3636
Carmustine	-1	3.0016	0	0	0	0	2	12	11.45	10.609	0	0	0	0	0	0	0	0	0	0	0.7079	0	10.609	0.1505	0.24	0.4096	3.2135	1.1107	123.561
Dacarbazine	-1	3.689	0	0	0	0	1	11.0769	9.1703	0	0	0	3.4242	0	1.3374	0	0	0	0	0	1.4917	0	0	0.1347	0.2652	0.4151	5.001	0.5552	110.9051
Desoximetasone	-1	12.6905	0	0.0942	1	0	4	20.28	19.0068	16.8266	0	0	6.8683	0	4.5381	0	0	0	0	0	0	0	0	0.1477	0.2233	0.3442	3.0844	0.7089	167.33
Amikacin	-1	15.4528	0	0.0977	0	0	13	34.4898	33.3335	0	0	0	0	0	0	0	0	0	0	0	0	0	0	0.1407	0.2421	0.391	3.2097	-1.3608	224.8777
Mercaptopurine	-1	3.6832	0	0.0161	0	0	0	6.6942	5.6673	0	0	0	0	0	1.5707	2.0868	0	0	0	0	0	0	0	0.1303	0.2857	0.3909	1.2575	1.346	70.476
Acetylcysteine	-1	2.2413	0	0	0	0	3	10	9.45	0	0	0	1.2633	0	0	0	0	0	0	0	0	0	0	0.1368	0.252	0.3776	3.4656	-0.2094	86.8361
Isoniazid	-1	3.0985	0	0.0248	0	0	1	8.1	6.5388	0	0	0	0	0	0	0.5116	0	0	0	0	0	0	0	0.1415	0.2334	0.3544	4.3163	0.3704	84.6865
Cefaclor	-1	9.0884	0.0745	0.088	0	0	4	18.7811	16.8148	5.8977	0	0	0	0	0	0.6288	0	0	0	0	0	1.3	5.8977	0.1388	0.2585	0.3691	3.3793	0.7907	149.957
Cefazolin	-1	10.5903	0.0745	0.0559	0	0	4	22.2031	20.0595	0	0	0	1.8445	0	1.2902	1.5748	0	0	3.598	0	1.2335	2.8127	0	0.1368	0.2619	0.4142	6.825	1.433	185.5058
Hydroflumethiazide	-1	6.7438	0	0.075	3	0	4	16.3719	14.4589	38.4854	0	0	0	0	0	-3.7728	0	4.7126	0	0	0	0	0	0.1441	0.2679	0.9002	8.6936	1.9659	142.7033
Loteprednol	-1	12.7589	0	0.105	0	0	7	25.1037	23.7673	5.6953	0	0	5.6584	0	5.233	0	0	0	0	0	0	0	5.6953	0.1439	0.2075	0.3429	4.1254	0.2099	199.1214
Nandrolone	-1	8.6908	0	0.1379	0	0	2	13.6484	13.0622	0	0	0	2.3346	0	1.9739	0	0	0	0	0	0	0	0	0.1457	0.2074	0.3432	4.1511	0.0157	107.9298
Estradiol	-1	8.6908	0	0.1138	0	0	2	13.6484	12.8488	0	0	0	2.3174	0	0	3.2315	0	0	0	0	0	0	0	0.1326	0.2246	0.3343	2.0404	-0.3917	111.787
Neomycin	-1	17.0278	0	0.0977	0	0	13	34.8652	34.1196	0	0	0	0	0	0	0	0	0	0	0	0	0	0	0.1333	0.2342	0.3607	2.6379	-1.5275	230.4527
Astemizole	1	12.599	0	0.1479	1	0	1	25.6413	22.5662	13.38	0	0	1.6994	0	0	5.1567	0	0	0	2.5455	2.207	0	0	0.131	0.2468	0.3981	2.29	0.2348	232.1315
Fosphenytoin	1	8.8546	0	0.0642	0	0	6	19.7531	17.1917	0	0	0	0	0	0	1.0523	0	0	0	0	0	0	0	0.1409	0.2878	1.0958	4.8968	0.1281	178.8625
Aprindine	1	8.4429	0	0.0599	0	0	0	18.7811	17.037	0	0	0	4.5121	0	0	4.4391	0	0	0	2.5204	2.6424	0	0	0.1323	0.1379	0.4011	1.3461	-0.4253	154.2608
Ibutilide	1	7.1623	0	0.0278	0	0	3	24.0385	22.8004	0	0	0	5.55	0	0	1.3429	0	0	0	2.4561	0	0	0	0.1395	0.2582	0.888	5.6718	1.4389	168.3089
Droperidol	1	10.3667	0	0.1012	1	0	2	21.2404	18.3769	12.943	0	0	0	0	2.0903	0.119	1.7428	0	0	2.2791	0	0	0	0.1331	0.2785	0.396	5.4994	0.6069	184.2725
Tizanidine	1	6.0718	0	0.0208	0	0	0	11.1111	9.9209	6.1301	0	0	0	0	0	1.3867	1.6291	0	0	0	0	0	6.1301	0.1317	0.2579	0.4146	2.8298	1.3847	122.9348
Halofantrine	1	11.2466	0	0.0629	3	0	1	27.5853	26.0814	52.8961	0	0	4.3041	0	0	0.5329	2.081	0	0	2.3551	0	0	12.5771	0.1329	0.2138	0.3379	3.1535	1.2962	278.3914
Adenosine_phosphate	1	7.7585	0	0.0144	0	0	4	13.9592	12.2354	0	0	0	0	0	1.3989	0.9982	0	5.664	0	0	1.4553	0	0	0.1312	0.2534	0.3912	1.9791	0.1278	113.7513
Ketanserin	1	11.0713	0	0.1341	1	0	3	22.2031	19.2649	13.0447	0	0	0	0	0	-0.5045	1.0366	0	0	2.1622	0	0	0	0.1391	0.2772	0.3963	6.0746	0.6444	198.6793
Phenylpropanolamine	1	3.445	0	0.0321	0	0	1	9.0909	8.2386	0	0	0	1.7894	0	0	0.8773	0	0	0	0	0	0	0	0.1383	0.2077	0.3479	1.4705	-0.4575	82.6862
Nicardipine	1	11.964	0	0.0779	0	0	6	29.5544	25.9537	0	0	0	6.5839	0	0	1.4252	0	0	0	2.0327	-0.5178	0	0	0.1379	0.1986	0.3643	10.9904	0.7057	247.4647
Thioridazine	1	9.5672	0	0.1506	0	0	0	18.3673	17.3207	0	0	0	4.4549	0	0	6.8626	0	0	0	2.5628	2.5589	3.7334	0	0.1233	0.1573	0.3107	0.8532	0.197	144.316
Ondansetron	1	9.0804	0	0.0639	0	0	1	15.5232	13.3131	0	0	0	4.0471	0	3.7572	1.1531	0	0	0	0	4.2638	0	0	0.1299	0.179	0.3078	5.1951	0.2943	158.4946
Salmeterol	1	9.2287	0	0.0561	0	0	4	26.2539	24.5089	0	3.0099	0	0	0	0	2.5874	0	0	3.2682	0	0	0	0	0.1341	0.2257	0.3433	2.1168	-0.3253	204.6314
Chloral_hydrate	1	1.7321	0	0	0	0	2	7	7.79	14.6968	0	0	0	0	0	0	0	0	0	0	0	0	14.6968	0.161	0.2195	0.337	3.3824	0.351	108.0023
Foscarnet_sodium	1	1.7321	0	0	0	0	5	7	6.65	0	0	0	0	0	0	0	0	0	0	0	0	0	0	0.1586	0.2711	1.0644	3.0063	0.5501	64.484
Isoprenaline	1	4.6428	0	0.0241	0	0	3	13.0667	12.1311	0	2.6702	0	3.9742	0	0	0.192	0	0	3.0837	0	0	0	0	0.1324	0.2415	0.3398	2.7319	-0.245	105.7872
Dirithromycin	-1	21.629	0	0.0825	0	0	14	50.6428	49.7226	0	4.8332	0	25.0724	0	0	0	0	0	3.5853	1.9376	0	0	0	0.1369	0.2397	0.352	8.276	-1.0302	332.1331
Ethionamide	-1	3.3435	0	0.0215	0	0	0	9.0909	8.5556	0	0	0	2.0473	0	0	1.9187	0	0	0	0	0	0	0	0.1294	0.2612	0.3371	4.7063	0.9811	98.8516
Naftifine	-1	7.4624	0	0.0839	0	0	0	16.8438	14.5528	0	0	0	2.1638	0	4.4028	2.634	2.664	0	0	2.3345	0	0	0	0.1282	0.1556	0.2351	1.1908	0.4398	175.1342
Butenafine	-1	8.2355	0	0.0796	0	0	0	18.7811	16.7278	0	0	0	8.9696	0	0	4.1487	2.6739	0	0	2.3828	0	0	0	0.1274	0.1512	0.2259	1.1428	0.3632	174.5251
Guaifenesin	-1	4.3181	0	0.0278	0	0	4	12.0714	11.1366	0	0	0	1.5463	0	0	1.1668	0	0	0	0	0	0	0	0.1298	0.2211	0.3482	2.6549	-0.3976	97.5244
Benzonatate	-1	11.1751	0	0.0278	0	0	11	40.0238	38.3148	0	0	0	3.792	0	0	1.5189	0	0	0	0	0	0	0	0.1302	0.2378	0.3855	5.1019	-0.027	308.3275
Estrone	-1	8.6908	0	0.1138	0	0	2	13.6484	12.5801	0	0	0	2.2178	0	0	3.1653	0	0	0	0	0	0	0	0.1336	0.2254	0.273	1.5849	-0.29	116.4054
Alendronic_acid	-1	4.341	0	0	0	0	7	14	13.96	0	0	0	0	0	0	0	0	0	0	0	0	0	0	0.141	0.2698	1.0569	4.818	0.2516	99.3822
Fluticasone	-1	13.6098	0	0.0875	3	0	4	23.168	22.0875	45.0858	0	0	4.7891	0	3.6778	0	0	0	0	0	0	0.3705	0	0.1446	0.2295	0.3209	7.4941	1.0173	185.1658
Bendroflumethiazide	-1	9.1901	0	0.0971	3	0	4	21.7027	19.0433	39.8174	0	0	0	0	0	-3.064	0	4.842	0	0	0	0	0	0.143	0.2661	0.901	9.0341	1.8604	199.7208
Cortisone	-1	11.5402	0	0.1118	0	0	5	19.3222	18.0529	0	0	0	3.9932	0	1.765	0	0	0	0	0	0	0	0	0.1451	0.2193	0.3342	7.484	-0.016	146.2484
Nystatin	-1	20.0569	0	0.0278	0	0	17	59.124	56.2698	0	0	0	5.2256	0	20.9967	0	0	0	0	0	0	0	0	0.1322	0.2473	0.3525	7.5154	0.2574	406.8623
Cefotetan	-1	13.7016	0.4976	0.0559	0	0	8	28.9941	26.4821	0	0	0	2.8587	0	0	0	0	0	3.7175	0	1.4352	4.0629	0	0.1358	0.2645	0.433	9.8316	1.6415	213.7899
Cefalexin	-1	9.0884	0.0745	0.088	0	0	4	18.7811	16.5347	0	0	0	1.6916	0	0	0.6499	0	0	0	0	0	1.4319	0	0.1369	0.2556	0.3683	2.9335	0.534	162.3161
Methenamine	-1	4	0	0.1265	0	0	0	5.625	5.4852	0	0	0	0	0	0	0	0	0	0	9.875	0	0	0	0.141	0.1143	0.3083	0.0136	-2.4085	56.8855
Calcipotriol	-1	11.8481	0	0.0927	0	0	3	23.168	22.0489	0	0	0	4.8267	4.0549	8.759	0	0	0	0	0	0	0	0	0.1296	0.2059	0.3369	4.6296	-0.1927	181.5443
Cefdinir	-1	9.6677	0.0745	0.0559	0	0	5	20.727	18.228	0	0	0	0	3.5609	1.3978	0.267	0	5.4953	0	0	0	1.3019	0	0.1322	0.2728	0.3933	3.1856	0.4439	155.628
Butoconazole	-1	8.6462	0	0.0518	0	0	0	19.7531	18.6549	18.6696	0	0	0	0	5.6086	4.3547	0	0	0	0	2.0876	1.724	18.6696	0.134	0.2041	0.2286	5.2223	0.9303	211.846
Nelfinavir	-1	13.8427	0	0.1825	0	0	4	32.9043	30.5659	0	0	0	7.6858	0	0	1.9944	0	0	0	2.1569	0	1.5747	0	0.1316	0.2345	0.3792	6.4751	0.3278	238.9424
Kanamycin	-1	13.2573	0	0.0977	0	0	11	27.5853	26.9953	0	0	0	0	0	0	0	0	0	0	0	0	0	0	0.1417	0.2236	0.3796	1.6152	-1.4969	177.507
Etacrynic_acid	-1	6.4507	0	0.0208	0	0	4	17.0526	15.6967	11.9303	0	0	1.8056	3.642	0	0.3849	0	0	0	0	0	0	11.9303	0.145	0.2586	0.3358	5.7806	0.7974	116.7472
Ceftizoxime	-1	9.0901	0.0745	0.0645	0	0	5	19.7531	17.6659	0	0	0	1.2762	0	3.0026	0	0	7.4961	0	0	0	2.4363	0	0.1314	0.2673	0.3631	7.2623	0.7639	163.9334
Abacavir	-1	8.3023	0	0.0125	0	0	1	14.5833	12.5801	0	0	0	0	0	5.921	2.4892	0	5.8397	0	0	2.0115	0	0	0.1292	0.2492	0.3986	2.5081	0.0837	129.9456
Imiquimod	-1	6.5514	0	0.0418	0	0	0	13.005	11.017	0	0	0	4.3861	0	1.8563	2.3957	2.0351	5.9795	0	0	2.167	0	0	0.1259	0.25	0.3957	3.9001	0.2024	125.0839
Monoethanolamine_oleate	-1	4.385	0	0	0	0	2	20	19.21	0	0	0	2.2588	0	4.6603	0	0	0	0	0	0	0	0	0.1402	0.248	0.3766	1.5919	-1.2054	130.3957
Chlorothiazide	-1	5.9505	0	0.0604	0	0	4	13.4321	11.8924	5.6907	0	0	0	0	0.9768	-0.8653	0	4.9134	0	0	0	0	5.6907	0.1488	0.2373	0.8852	7.4457	2.4175	95.598
Mesuximide	-1	6.0261	0	0.0321	0	0	2	11.4844	9.8977	0	0	0	3.366	0	0	0.9099	0	0	0	0	0	0	0	0.1418	0.14	0.322	1.8816	-0.0977	107.9025
Medroxyprogesterone	-1	11.2374	0	0.1182	0	0	3	18.3673	17.4536	0	0	0	8.3963	0	1.9571	0	0	0	0	0	0	0	0	0.1448	0.2132	0.3183	5.435	-0.0345	135.0828
Homatropine_methylbromide	-1	7.6636	0	0.0751	0	0	3	14.9174	13.7393	0	0	0	2.152	0	0	0.5911	0	0	0	2.4008	0	0	0	0.1372	0.2225	0.3368	1.3549	-0.2931	127.2785
Cefepime	-1	11.8595	0.0745	0.0559	0	0	5	25.1037	22.8301	0	0	0	3.4207	0	0	0.5058	0	5.6388	0	0	0	1.4576	0	0.0677	0.2651	0.4001	5.3499	0.0184	211.9626
Enalapril	-1	8.9478	0	0.0321	0	0	5	23.2806	21.0546	0	4.9792	0	3.3995	0	0	1.0954	0	0	3.0493	0	0	0	0	0.1383	0.2514	0.3733	5.899	-0.4863	186.1125
Levonorgestrel	-1	10.0448	0	0.1379	0	0	2	16.4675	15.4573	0	0	6.6906	2.2167	0	1.9568	0	0	0	0	0	0	0	0	0.1462	0.2199	0.3262	3.7549	0.0525	138.0888
Guanabenz	-1	4.0997	0	0.0241	0	0	0	12.0714	10.8185	11.7129	0	0	0	0	1.4088	1.572	0	11.8796	0	0	0	0	11.7129	0.1305	0.2454	0.4721	2.9719	0.4936	110.3248
Ceftriaxone	-1	13.3964	0.0745	0.0684	0	0	7	28.9941	25.8896	0	0	0	2.7379	0	0	0.3903	0	5.6184	0	0	1.2536	2.3107	0	0.132	0.2757	0.3845	9.3722	1.4503	201.362
Permethrin	-1	8.8997	0	0.0599	0	0	3	20.727	19.121	11.4549	0	0	4.0102	0	1.7117	2.3268	0	0	0	0	0	0	11.4549	0.14	0.1576	0.3599	2.3132	0.0549	163.2771
Acetohexamide	-1	7.1548	0	0.1298	0	0	4	18.3403	16.3522	0	0	0	1.4022	0	0	0.3768	0	0	0	0	0	0	0	0.1474	0.2427	0.8701	8.1286	1.7727	150.7676
Methylphenobarbital	-1	7.1545	0	0.0461	0	0	3	14.41	12.2912	0	0	0	3.1305	0	0	0.6059	0	0	0	0	0	0	0	0.1421	0.2834	0.3802	1.2939	0.1779	119.6135
Phenazopyridine	-1	5.2796	0	0.0507	0	0	0	12.4567	10.1002	0	0	0	0	0	0	1.9237	0	11.1121	0	0	0	0	0	0.1281	0.2568	0.4065	1.7923	0.2662	108.4076
Clomifene	-1	10.0099	0	0.0919	0	0	1	23.6587	21.322	6.8743	0	0	4.3457	0	0	4.0504	0	0	0	2.3514	0	0	6.8743	0.1332	0.1437	0.2375	2.6094	-0.2117	238.3883
Capreomycin	-1	15.0603	0	0.0361	0	0	8	42.1684	37.1285	0	0	0	0	0	0.7345	0	0	7.8673	0	0	0	0	0	0.1374	0.2633	0.4317	2.5937	0.1407	261.2797
Fosfomycin	-1	2.425	0	0	0	0	4	6.125	5.7905	0	0	0	1.6287	0	0	0	0	0	0	0	0	0	0	0.1527	0.3075	1.156	5.1869	-0.3504	62.4444
Oxandrolone	-1	9.944	0	0.1257	0	0	3	15.5232	15.1373	0	0	0	6.7599	0	0	0	0	0	0	0	0	0	0	0.1489	0.2077	0.3386	3.5223	-1.3544	107.1805
Olsalazine	-1	7.4291	0	0.0481	0	0	6	18.3403	15.4489	0	0	0	0	0	0	-1.1152	0	0	0	0	0	0	0	0.1342	0.2796	0.4048	1.5818	0.9428	160.376
Gabapentin	-1	3.5055	0	0.0884	0	0	2	10.0833	9.5175	0	0	0	0	0	0	0	0	0	0	0	0	0	0	0.1422	0.231	0.398	2.851	-1.5337	69.7852
Nilutamide	-1	7.7725	0	0.0241	3	0	4	18.3403	15.7335	38.7407	0	0	2.7843	0	0	-3.0612	0	0	0	0	-1.1782	0	0	0.1549	0.2903	0.3809	9.0714	1.6884	172.3534
Ciclopirox	-1	5.2769	0	0.1207	0	0	2	11.4844	10.4286	0	0	0	1.8966	0	0	1.4177	0	0	0	0	0	0	0	0.1341	0.2545	0.3917	3.6276	0.0114	94.6954
Alclometasone	-1	12.4248	0	0.0974	0	0	5	21.2404	20.2704	6.8646	0	0	5.7639	0	5.119	0	0	0	0	0	0	0	6.8646	0.1451	0.215	0.3352	6.2909	0.4202	168.0805
Nedocromil	-1	9.9251	0	0.0489	0	0	7	21.7027	18.684	0	0	0	3.6105	0	1.9019	1.1667	0	0	0	0	1.4692	0	0	0.1347	0.2615	0.367	7.4059	1.2506	153.0993
Minocycline	-1	13.5376	0	0.0966	0	0	7	26.0741	23.2743	0	0	0	6.788	0	0	1.0447	0	0	0	1.5221	1.8053	0	0	0.1354	0.3004	0.4372	5.1808	0.5558	185.4676
Famciclovir	-1	7.0743	0	0.0144	0	0	4	19.3264	16.9716	0	0	0	2.6785	0	1.6463	1.4607	0	5.5916	0	0	1.8352	0	0	0.1312	0.2505	0.3924	4.7664	0.232	142.1334
Nitrofural	-1	3.9184	0	0	0	0	4	12.0714	9.8649	0	0	0	0	0	1.095	-0.2537	0	0	0	0	-0.6817	0	0	0.1419	0.2663	0.4419	10.6811	1.5941	109.2812
Clidinium_bromide	-1	10.3468	0	0.2341	0	0	3	19.3222	17.4061	0	0	0	2.2329	0	0	1.0794	0	0	0	0	0	0	0	0.0605	0.2255	0.3394	2.8294	-0.1621	173.0242
Formoterol	-1	8.2181	0	0.0518	0	0	4	20.3136	18.0939	0	3.4392	0	3.6281	0	0	2.7049	0	0	3.2574	0	0	0	0	0.1346	0.2477	0.3823	6.4922	0.0936	154.4476
Mifepristone	-1	13.2048	0	0.134	0	0	2	23.7284	21.5313	0	0	0	8.2865	0	1.9262	2.5317	0	0	0	0	2.1324	0	0	0.1247	0.2167	0.3515	5.9601	0.2799	188.8703
Altretamine	-1	4.6449	0	0.0112	0	0	0	13.0667	11.4846	0	0	0	11.4656	0	0	1.9928	0	0	0	0	5.5883	0	0	0.1322	0.0835	0.3818	0.0002	-0.905	96.6525
Quinidine	1	9.6323	0	0.1911	0	0	2	17.4156	15.7589	0	0	0	1.6616	3.9798	2.0894	1.7433	1.8746	0	0	2.434	0	0	0	0.1299	0.2129	0.3414	2.3313	0.6115	157.864
Haloperidol	1	9.3859	0	0.1115	1	0	2	20.727	19.0239	18.823	0	0	0	0	0	1.8045	0	0	0	2.2801	0	0	5.9179	0.1383	0.207	0.3394	3.8358	0.6828	207.0035
Dopamine	1	3.4037	0	0.0241	0	0	2	9.0909	8.199	0	0	0	0	0	0	0.7542	0	0	0	0	0	0	0	0.1324	0.2415	0.3487	3.3972	-0.2446	83.2965
Disopyramide	1	8.4287	0	0.0569	0	0	1	21.3018	19.1291	0	0	0	8.7033	0	0	1.6063	0	0	0	2.3785	0	0	0	0.1365	0.2384	0.417	4.4445	0.1008	170.0206
Vasopressin_injection	1	23.7005	0	0.0599	0	0	12	65.518	58.9565	0	0	0	0	0	0	1.0306	0	0	0	0	0	2.0526	0	0.1315	0.2771	0.4256	7.5755	2.3583	453.6953
Spiramycin	1	20.4907	0	0.0933	0	0	14	51.6327	49.9106	0	0	0	19.8093	0	8.4252	0	0	0	0	3.9443	0	0	0	0.1292	0.2152	0.3399	2.4609	-0.449	301.4712
Chlorpromazine	1	7.3025	0	0.0861	0	0	0	15.879	14.7638	6.2094	0	0	4.2318	0	0	5.9097	0	0	0	2.2257	2.3994	1.824	6.2094	0.126	0.1593	0.23	2.5305	0.3097	161.5531
Levofloxacin	1	10.321	0	0.1028	1	0	4	19.3222	16.9885	14.9837	0	0	3.8877	0	1.3426	0.6381	0	0	0	2.1657	3.6508	0	0	0.1331	0.2543	0.3864	9.1243	0.6551	139.1878
Chloroquine	1	7.2279	0	0.0427	0	0	0	18.3403	17.0405	6.0373	0	0	6.6838	0	0	1.8624	2.0651	0	0	2.4688	0	0	6.0373	0.1293	0.2385	0.3962	5.0909	0.6551	159.1469
Pentamidine	1	7.8932	0	0.0556	0	0	2	21.3018	18.636	0	0	0	0	0	0	2.9586	0	25.4999	0	0	0	0	0	0.1343	0.1746	0.3392	5.1427	0.0495	170.7893
Ziprasidone	1	10.9929	0	0.0986	0	0	1	19.9336	18.0369	6.4344	0	0	0	0	0	4.9212	2.5076	0	0	2.4841	2.3978	0	6.4344	0.13	0.2586	0.3683	2.7117	0.5586	181.7331
Mesoridazine	1	9.8646	0	0.1506	0	0	1	19.3222	17.9577	0	0	0	4.0169	0	0	5.9612	0	0	0	2.5204	2.4444	1.8176	0	0.1269	0.1525	0.7408	4.7313	0.6193	163.2596
Bepridil	1	8.7057	0	0.0642	0	0	1	21.7027	19.9088	0	0	0	4.4376	0	0	2.638	0	0	0	2.6262	2.511	0	0	0.1264	0.1435	0.3565	1.1638	-0.3508	172.0691
Granisetron	1	9.1448	0	0.1235	0	0	1	16.4675	14.6959	0	0	0	4.1229	0	0	0.9981	0	0	0	2.5162	1.7853	0	0	0.1324	0.2368	0.3865	4.452	0.268	142.1808
Quetiapine	1	9.7276	0	0.1056	0	0	2	20.28	18.5008	0	0	0	0	0	0	1.0826	4.7432	0	0	2.4164	2.4093	0	0	0.1288	0.2129	0.3468	2.8807	0.6078	175.3121
Sparfloxacin	1	11.1528	0	0.069	2	0	3	21.2404	18.8253	30.815	4.4806	0	3.8376	0	1.1507	-3.1814	0	5.933	3.3	0	3.0307	0	0	0.1289	0.2718	0.4093	6.1455	0.6069	161.9326
Prenylamine	1	8.2055	0	0.0962	0	0	0	19.7531	17.4433	0	4.6466	0	2.2709	0	0	4.183	0	0	3.7011	0	0	0	0	0.1373	0.1436	0.2894	1.112	-0.3357	190.8897
Entacapone	-1	7.4362	0	0.0208	0	0	5	20.0455	17.292	0	0	0	3.5151	0	1.1318	-2.2068	0	0	0	0	-0.8704	0	0	0.1424	0.2502	0.3669	5.5205	1.3837	180.8698
Gemfibrozil	-1	5.8336	0	0.0241	0	0	3	16.0556	14.7101	0	0	0	7.5241	0	0	3.1692	0	0	0	0	0	0	0	0.1319	0.2483	0.3759	1.0713	-0.4682	123.1483
Dorzolamide	-1	6.9837	0	0.0722	0	0	4	15.39	14.6352	0	4.5379	0	3.5549	0	0	0.5493	0	5.0788	3.1802	0	0	0	0	0.1444	0.2096	0.9312	4.2113	2.059	126.8198
Olopatadine	-1	8.2564	0	0.0518	0	0	3	19.7531	17.3949	0	0	0	4.1142	0	2.233	4.8738	0	0	0	2.1507	0	0	0	0.1297	0.2476	0.3604	2.9643	0.2445	170.1796
Levamisole	-1	5.344	0	0.0321	0	0	0	9.2422	8.3567	0	0	0	0	0	0	1.3426	0	0	0	0	2.3912	1.8873	0	0.1333	0.1469	0.2754	3.7756	0.5528	96.6832
Methazolamide	-1	4.0472	0	0	0	0	3	12.0714	10.8582	0	0	0	2.7394	0	0	0	0	4.85	0	0	1.1863	0.7462	0	0.1419	0.2144	0.8647	5.6278	2.4001	93.121
Aciclovir	-1	5.3843	0	0.014	0	0	3	12.4567	10.5832	0	0	0	0	0	1.4342	0.2137	0	5.419	0	0	1.5383	0	0	0.1314	0.2588	0.3465	6.35	0.2518	104.5744
Gentamicin	-1	12.5389	0	0.1124	0	0	7	27.5853	27.1132	0	6.1725	0	7.0773	0	0	0	0	0	6.0677	0	0	0	0	0.1382	0.2139	0.368	4.1283	-1.6874	180.2949
Beclometasone	-1	13.1273	0	0.0942	0	0	5	21.2404	20.2704	7.3034	0	0	5.6876	0	5.0023	0	0	0	0	0	0	0	7.3034	0.1438	0.2392	0.3455	7.0993	0.1883	172.7072
Ketorolac	-1	7.2415	0	0.0321	0	0	3	13.9592	11.8661	0	0	0	0	0	3.4739	0.627	0	0	0	0	1.8275	0	0	0.132	0.2508	0.3458	3.722	0.2971	147.8977
Cefapirin	-1	9.538	0.0745	0.0807	0	0	6	22.68	20.5224	0	0	0	1.2263	0	0	0.8796	0	0	0	0	0	2.6402	0	0.1336	0.2539	0.3644	2.5298	0.8339	175.0033
Ceftibuten	-1	9.5455	0.0745	0.0645	0	0	6	21.7027	19.0433	0	0	0	0	0	2.6382	0.4225	0	5.5704	0	0	0	1.3214	0	0.1303	0.2667	0.4114	3.9667	0.6417	172.169
Levocarnitine	-1	2.5105	0	0	0	0	4	14	13.06	0	0	0	7.0273	0	0	0	0	0	0	0	0	0	0	0.0604	0.251	0.4001	3.2948	-0.8009	87.5912
Calcium_folinate	-1	11.5342	0	0.0631	0	0	7	28.5694	24.3445	0	0	0	0	0	0.5575	0.6066	0	5.5181	0	0	0	0	0	0.1258	0.2623	0.3972	4.7731	0.0293	199.3094
Penciclovir	-1	6.3062	0	0.014	0	0	3	14.41	12.5249	0	0	0	0	0	1.4982	0.298	0	5.4733	0	0	1.6798	0	0	0.1315	0.2557	0.3331	5.8441	0.2298	112.041
Letrozole	-1	7.9703	0	0.0556	0	0	0	16.8438	13.5388	0	0	0	0	0	3.1402	3.2132	0	0	0	0	1.7527	0	0	0.1455	0.2191	0.2025	3.2035	0.8988	192.1627
Ceftazidime	-1	13.7177	0.0745	0.0846	0	0	7	29.97	26.8807	0	0	0	2.5425	0	9.1156	0.2673	0	5.6863	0	0	1.8247	1.3844	0	0.0729	0.2541	0.4092	2.3765	0.4174	221.8023
Clopidogrel	-1	10.9919	0.0745	0	0	0	7	21.2404	19.0737	0	0	0	1.2482	0	0	0.4021	0	5.5686	0	0	0	1.0998	0	0.1316	0.2694	0.385	4.7993	0.5044	158.3505
Glucagon	-1	29.4885	0	0.0599	0	0	18	89.2146	79.5382	0	0	0	10.579	0	1.5799	1.0909	0	0	0	0	0	1.2731	0	0.1249	0.2653	0.4269	4.65	-0.1645	574.0745
Cefprozil	-1	9.9612	0.0745	0.0837	0	0	5	21.7027	19.1502	0	0	0	1.7727	0	3.3948	0.5476	0	0	0	0	0	1.3895	0	0.135	0.2534	0.3687	2.3902	0.5313	178.1014
Clotrimazole	-1	9.4405	0	0.0919	0	0	0	18.3673	15.674	6.6915	0	0	0	0	5.643	4.0098	0	0	0	0	2.1239	0	6.6915	0.1336	0.2057	0.1956	3.8376	0.2117	209.4262
Capecitabine	-1	8.7059	0	0.0144	1	0	6	21.3018	19.4448	14.116	0	0	3.5062	0	0	-2.5363	0	0	0	0	0	0	0	0.14	0.2686	0.3979	7.0112	0.8599	164.7131
Metyrapone	-1	6.1879	0	0.0497	0	0	1	13.4321	11.4553	0	0	0	3.8043	0	0	1.5372	0	0	0	0	0	0	0	0.1424	0.1674	0.2553	3.2446	0.3132	137.7021
Norgestrel	-1	10.0448	0	0.1379	0	0	2	16.4675	15.4573	0	0	6.6906	2.2167	0	1.9568	0	0	0	0	0	0	0	0	0.1462	0.2201	0.3269	3.7477	0.0523	138.081
Doxycycline	-1	13.4668	0	0.0898	0	0	8	25.1037	22.4634	0	0	0	4.6519	0	0	-0.02	0	0	0	1.372	0	0	0	0.1376	0.2999	0.4366	4.7317	0.5891	177.81
Betamethasone	-1	13.1273	0	0.0942	1	0	5	21.2404	19.9253	16.8591	0	0	5.2571	0	4.4482	0	0	0	0	0	0	0	0	0.143	0.2384	0.3832	4.5614	0.5341	162.2271
Emedastine	-1	7.6913	0	0.0278	0	0	1	16.8438	15.3112	0	0	0	4.2352	0	0	1.2035	0	0	0	2.396	4.7418	0	0	0.1304	0.1422	0.348	4.4662	-0.0939	138.5143
Paracetamol	-1	2.9402	0	0.0278	0	0	2	9.0909	7.7536	0	0	0	1.4374	0	0	0.8837	0	0	0	0	0	0	0	0.1357	0.2351	0.365	3.8781	-0.2602	76.6717
Ketotifen	-1	8.5918	0	0.0837	0	0	1	15.5232	14.162	0	0	0	2.1826	0	0	4.5574	0	0	0	2.3813	0	0	0	0.1316	0.1682	0.3834	4.0068	0.7186	142.8696
Anakinra	-1	12.0993	0.0745	0.0559	0	0	7	28.5694	25.6787	0	0	0	5.002	3.5921	1.3959	0.2766	0	5.6545	0	0	0	1.295	0	0.1324	0.2729	0.3944	2.6005	0.4456	201.7874
Bethanechol	-1	1.8346	0	0	0	0	2	11	10.39	0	0	0	7.9135	0	0	0	0	0	0	0	0	0	0	0.0583	0.2616	0.4315	2.3579	-1.4712	65.3163
Ethchlorvynol	-1	2.5607	0	0	0	0	1	9	8.55	5.2073	0	5.5743	1.7884	0	2.609	0	0	0	0	0	0	0	5.2073	0.1465	0.2261	0.328	1.0986	-0.4229	100.2458
Haloprogin	-1	4.3727	0	0.0208	0	1	1	12.0714	12.4097	19.3285	0	0	0	0	0	1.729	0	0	0	0	0	0	17.3989	0.1391	0.1686	0.3131	1.5413	0.6227	69.881
Nalidixic_acid	-1	6.1291	0	0.0348	0	0	3	13.4321	11.3194	0	0	0	3.703	0	1.3467	1.6685	0	0	0	0	1.6738	0	0	0.1352	0.2538	0.3384	6.2675	0.5386	106.4814
Orlistat	-1	9.6974	0.068	0	0	0	5	33.0286	31.7596	0	0	0	8.4517	0	0	0	0	0	0	0	0	0	0	0.1492	0.2582	0.3775	1.6689	-0.5277	202.7552
Ethambutol	-1	3.7841	0	0	0	0	2	14	13.84	0	5.7258	0	4.091	0	0	0	0	0	6.457	0	0	0	0	0.1374	0.2043	0.3509	0.4515	-2.9824	93.4252
Ampicillin	-1	9.0588	0.0745	0.0321	0	0	4	18.7811	16.9404	0	0	0	3.5767	0	0	0.6541	0	0	0	0	0	1.3841	0	0.1351	0.2572	0.3674	3.9103	-0.0137	152.8538
Acetohydroxamic_acid	-1	0.8165	0	0	0	0	2	5	4.43	0	0	0	1.2222	0	0	0	0	0	0	0	0	0	0	0.143	0.2298	0.348	5.1635	-1.2039	41.9778
Dienestrol	-1	6.8248	0	0.0556	0	0	2	16.3719	14.2534	0	0	0	3.9843	0	4.1003	2.6154	0	0	0	0	0	0	0	0.1328	0.2253	0.2601	2.281	-0.3205	152.4212
Desmopressin	-1	23.475	0	0.0599	0	0	12	66.5114	59.1053	0	0	0	0	0	0	1.0839	0	12.7373	0	0	0	2.1845	0	0.1311	0.2644	0.4708	6.2211	2.3311	422.0163
Amiloride	-1	4.6639	0	0.0125	0	0	1	13.0667	10.9875	5.5473	0	0	0	0	0	-0.6329	0	22.4823	0	0	0	0	5.5473	0.1322	0.2765	0.4696	3.7689	0.3011	82.4114
Oxytetracycline	-1	13.8766	0	0.087	0	0	9	26.0741	23.3903	0	0	0	4.1067	0	0	-0.9104	0	0	0	1.2926	0	0	0	0.1372	0.3024	0.4353	2.5989	0.6839	182.3454
Lovastatin	-1	10.1913	0	0.1054	0	0	5	23.6587	22.3867	0	0	0	8.3255	0	6.7721	0	0	0	0	0	0	0	0	0.1332	0.2108	0.3553	5.1221	-0.427	167.3317
Lactulose	-1	9.2582	0	0.0262	0	0	11	19.3264	18.8924	0	0	0	0	0	0	0	0	0	0	0	0	0	0	0.145	0.2264	0.3402	4.4567	-1.745	138.7102
Fluocinolone_acetonide	-1	13.5005	0	0.0875	2	0	6	22.2031	20.7791	31.9517	0	0	2.9249	0	3.5408	0	0	0	0	0	0	0	0	0.1447	0.2178	0.3372	11.2642	0.3476	178.9921
Cefpodoxime	-1	9.9534	0.0745	0.0559	0	0	6	22.68	20.3859	0	0	0	2.7258	0	0	0.4699	0	5.5868	0	0	0	1.3455	0	0.1315	0.2691	0.3975	2.6833	0.4261	166.2381
Cinchocaine	-1	8.1328	0	0.0439	0	0	2	21.3018	19.3461	0	0	0	6.3702	0	0	1.1367	1.6353	0	0	2.282	0	0	0	0.1329	0.234	0.3761	3.3717	0.8715	163.9403
Lomustine	-1	4.4184	0	0.1021	0	0	2	13.0667	12.2306	5.4413	0	0	0	0	0	0	0	0	0	0	0.8349	0	5.4413	0.1471	0.237	0.4197	3.4931	0.9696	110.0988
Anastrozole	-1	7.979	0	0.0241	0	0	0	18.3403	15.7236	0	0	0	7.5188	0	3.1393	2.8209	0	0	0	0	1.7239	0	0	0.1452	0.2153	0.2053	5.4005	0.4199	177.8842
Diclofenamide	-1	5.0641	0	0.0208	0	0	4	14.0625	13.1065	11.1323	0	0	0	0	0	-1.6894	0	9.6549	0	0	0	0	11.1323	0.1514	0.2107	0.8954	3.9442	2.086	85.2861
Demeclocycline	-1	13.4875	0	0.092	0	0	8	25.1037	22.7432	6.1736	0	0	3.0251	0	0	-0.8805	0	0	0	1.4191	0	0	6.1736	0.1386	0.3013	0.4363	4.2404	0.7904	197.5483
Cefixime	-1	10.5152	0.0745	0.0559	0	0	7	24.6387	21.6051	0	0	0	0	3.5629	1.378	0.1861	0	5.5642	0	0	0	1.2696	0	0.1325	0.2769	0.395	4.1917	0.4051	189.1916
Cromoglicic_acid	-1	12.2973	0	0.0776	0	0	11	27.046	23.4772	0	0	0	0	0	1.6645	0.2076	0	0	0	0	0	0	0	0.1378	0.2572	0.3498	7.9622	1.043	219.7912
Oxycodone	-1	10.7343	0	0.1147	0	0	4	15.2702	14.1052	0	0	0	3.6961	0	0	3.5905	0	0	0	2.2532	0	0	0	0.1308	0.1962	0.3254	3.8038	-0.1277	119.8821
Miglitol	-1	4.8132	0	0.0351	0	0	5	12.0714	11.8327	0	0	0	0	0	0	0	0	0	0	1.5576	0	0	0	0.1357	0.2083	0.3553	2.9168	-2.4516	87.565
Octreotide	1	24.1968	0	0.0919	0	0	10	61.8489	55.9112	0	0	0	2.6048	0	1.7034	2.9621	0	0	0	0	0	2.0588	0	0.1327	0.2687	0.4251	14.7383	2.9072	437.3381
Dobutamine	1	7.2192	0	0.0518	0	0	3	18.3403	16.6471	0	3.7532	0	2.1475	0	0	2.354	0	0	3.4533	0	0	0	0	0.1326	0.2418	0.2907	2.4631	-0.2166	156.8306
Gatifloxacin	1	10.5363	0	0.0798	1	0	4	20.28	17.9387	15.1023	4.3107	0	3.4792	0	1.3703	0.5615	0	0	3.3191	0	3.6897	0	0	0.1319	0.2532	0.3708	7.4586	0.6252	148.7358
Phenylephrine	1	3.5257	0	0.0278	0	0	2	10.0833	9.1901	0	2.4343	0	1.7699	0	0	0.9093	0	0	2.8538	0	0	0	0	0.1348	0.2256	0.3421	1.8051	-0.2798	86.3587
Clarithromycin	1	20.3022	0	0.0599	0	0	14	46.3827	45.2111	0	0	0	20.9275	0	0	0	0	0	0	1.8599	0	0	0	0.1386	0.236	0.3494	2.7525	-0.6617	274.9903
Epinephrine	1	4.1875	0	0.0241	0	0	3	11.0769	10.1429	0	2.2258	0	1.7257	0	0	0.1784	0	0	2.8059	0	0	0	0	0.1322	0.2413	0.3419	2.9094	-0.2576	94.8479
Ephedrine	1	3.9349	0	0.0321	0	0	1	10.0833	9.2298	0	2.9284	0	3.8001	0	0	0.9577	0	0	3.0132	0	0	0	0	0.1384	0.2088	0.3378	1.19	-0.394	88.7169
Erythromycin	1	19.6629	0	0.0599	0	0	13	45.3898	44.2582	0	0	0	21.5076	0	0	0	0	0	0	1.8833	0	0	0	0.1379	0.2152	0.3502	1.9977	-0.7272	268.2159
Voriconazole	1	9.3421	0	0.0375	3	0	1	19.7531	17.0274	41.6721	0	0	1.4773	0	2.5582	-3.0137	0	0	0	0	1.2623	0	0	0.1049	0.2201	0.3241	4.632	0.7899	193.6836
Maprotiline	1	8.4045	0	0.1458	0	0	0	14.5833	13.0901	0	3.9396	0	2.0529	0	0	6.3944	0	0	3.3093	0	0	0	0	0.1319	0.1457	0.2901	1.6196	-0.3442	140.2447
Procainamide	1	5.2918	0	0.0278	0	0	1	15.0588	13.5147	0	0	0	4.2327	0	0	1.3226	0	5.5643	0	2.2671	0	0	0	0.1302	0.2297	0.4289	4.6068	-0.2247	112.9836
Norepinephrine	1	4.0874	0	0.0241	0	0	3	10.0833	9.1504	0	0	0	0	0	0	0.0378	0	0	0	0	0	0	0	0.1322	0.2413	0.3544	2.7999	-0.2567	88.0512
Risperidone	1	11.8533	0	0.157	1	0	2	21.8253	19.5756	13.3915	0	0	1.9692	0	0	3.5126	1.4323	0	0	2.4181	0	0	0	0.1364	0.1603	0.3843	6.8092	0.7202	173.5073
Orciprenaline	1	4.2191	0	0.0241	0	0	3	13.0667	12.1311	0	2.607	0	3.9577	0	0	0.4054	0	0	3.0694	0	0	0	0	0.1338	0.2261	0.338	1.3239	-0.1694	98.8927
Tamoxifen	1	9.2449	0	0.0919	0	0	1	22.68	20.0646	0	0	0	6.3358	0	0	4.641	0	0	0	2.123	0	0	0	0.1321	0.1425	0.2342	1.3609	-0.4115	213.0337
Amiodarone	1	11.0067	0	0.0486	0	2	3	25.6198	24.825	4.5377	0	0	6.4636	0	0	4.9273	1.6675	0	0	2.3328	0	0	0	0.1351	0.153	0.26	3.3916	0.6716	191.4906
Azithromycin	1	19.6342	0	0.0599	0	0	12	46.3827	45.5387	0	0	0	24.7126	0	0	0	0	0	0	3.8467	0	0	0	0.1354	0.2181	0.3468	3.5215	-0.9144	270.6568
Chlorzoxazone	-1	3.8123	0	0.0241	0	0	2	7.6389	6.6378	5.6642	0	0	0	0	0	0.1221	1.1545	0	0	0	0	0	5.6642	0.1399	0.2863	0.3184	3.3256	0.5304	100.9005
Dextromethorphan	-1	8.4514	0	0.163	0	0	1	13.6484	12.8488	0	0	0	4.1208	0	0	4.2558	0	0	0	2.6264	0	0	0	0.1316	0.1474	0.2282	1.9815	-0.4488	111.705
Amobarbital	-1	5.3201	0	0.0156	0	0	3	14.0625	12.6784	0	0	0	5.8567	0	0	0	0	0	0	0	0	0	0	0.1561	0.2841	0.378	1.2496	0.2418	93.6033
Oxiconazole	-1	8.9732	0	0.0481	0	0	1	20.727	19.2085	24.367	0	0	0	0	5.2086	3.6384	0	0	0	0	1.8635	0	24.367	0.135	0.1978	0.2398	2.6268	0.959	257.6783
Cefuroxime	-1	10.0732	0.0745	0.0559	0	0	8	23.6587	20.727	0	0	0	1.253	0	0	0.1401	0	0	0	0	0	1.2128	0	0.1373	0.2695	0.4294	1.4266	0.701	179.9678
Ciprofloxacin	-1	9.5395	0	0.0929	1	0	3	17.4156	15.1373	14.6077	4.0025	0	0	0	1.4069	0.7434	0	0	3.2252	0	3.7812	0	0	0.133	0.2541	0.4	9.1154	0.6417	135.542
Perindopril	-1	8.7753	0	0.0833	0	0	5	22.2908	20.9953	0	4.9797	0	5.4242	0	0	0	0	0	3.0754	0	0	0	0	0.1398	0.2524	0.3744	5.0675	-0.9306	153.2767
Glibenclamide	-1	11.1243	0	0.1539	0	0	5	27.5853	24.8839	5.9648	0	0	1.4763	0	0	2.0194	0	0	0	0	0	0	5.9648	0.1369	0.2467	0.8792	8.3217	1.5844	239.2488
Econazole	-1	8.2953	0	0.0518	0	0	1	18.7811	17.3078	18.279	0	0	0	0	5.3796	3.8239	0	0	0	0	1.9558	0	18.279	0.134	0.2003	0.2634	4.2841	0.7154	238.5105
Clofazimine	-1	12.1652	0	0.1167	0	0	0	24.6837	21.5028	12.2389	0	0	4.1432	0	4.1584	5.2682	0	0	0	0	2.2078	0	12.2389	0.1251	0.2534	0.3869	3.9992	1.2056	256.3622
Methyltestosterone	-1	9.944	0	0.1259	0	0	2	15.5232	14.9305	0	0	0	6.8465	0	1.9845	0	0	0	0	0	0	0	0	0.1446	0.2062	0.3391	5.1568	-0.0415	115.4568
Azathioprine	-1	7.1406	0	0.0144	0	0	2	13.9592	11.592	0	0	0	1.6858	0	2.8933	1.6975	0	0	0	0	1.0503	1.1351	0	0.1342	0.2714	0.3339	7.0843	1.3879	129.2513
Crotamiton	-1	4.6741	0	0.0278	0	0	1	13.0667	11.5045	0	0	0	5.8456	0	3.3603	2.1114	0	0	0	0	0	0	0	0.1351	0.1536	0.3721	3.4771	-0.3259	110.7069
Amyl_nitrite	-1	1.4571	0	0	0	0	2	8	7.56	0	0	0	2.0916	0	0	0	0	0	0	0	0	0	0	0.1548	0.0969	0.3027	2.9353	0.3522	52.1392
Chlortalidone	-1	8.4	0	0.0518	0	0	4	16.8438	14.7062	5.8337	0	0	0	0	0	0.4215	0	5.109	0	0	0	0	5.8337	0.1458	0.2755	0.889	7.2023	1.6148	173.1297
Dicoumarol	-1	9.9923	0	0.0811	0	0	6	18.3673	15.6174	0	0	0	0	0	0	1.1765	0	0	0	0	0	0	0	0.1367	0.2281	0.2681	1.4938	0.7949	170.4227
Cefoxitin	-1	10.0063	0.0645	0.0559	0	0	7	22.68	20.6101	0	0	0	1.2749	0	0	0.8201	0	0	0	0	0	1.1938	0	0.1348	0.2642	0.4318	6.4503	0.5159	164.448
Floxuridine	-1	6.3045	0	0.0161	1	0	5	13.4321	11.9604	13.0179	0	0	0	0	0	-3.0502	0	0	0	0	0	0	0	0.1417	0.2891	0.3938	5.2497	0.4204	116.6894
Cefamandole	-1	11.8385	0.0745	0.088	0	0	5	24.1349	21.4905	0	0	0	1.6648	0	0	0.3961	0	0	3.7179	0	1.4594	2.5797	0	0.1201	0.2399	0.3687	5.0673	1.9814	211.975
Dicloxacillin	-1	11.6591	0.0745	0.0241	0	0	5	23.168	21.1731	12.4997	0	0	5.1013	0	0	1.4845	0	0	0	0	0	1.343	12.4997	0.1362	0.2578	0.3611	4.8113	0.4929	190.3774
Cerivastatin	-1	10.2438	0	0.0418	1	0	5	29.2318	26.7995	13.6828	0	0	9.7845	0	3.2868	4.7111	0	0	0	0	0	0	0	0.1377	0.254	0.3905	4.6928	-0.0414	211.6951
Delavirdine	-1	11.0117	0	0.0956	0	0	3	25.1037	21.8178	0	0	0	5.2892	0	1.7648	3.9273	0	0	0	0	2.1973	0	0	0.1317	0.2596	0.8853	6.1326	1.5213	191.6315
Calcitonin	-1	13.6441	0	0	0	0	11	46	42.34	0	0	0	4.531	0	0	0	0	0	0	0	0	0	0	0.1329	0.2863	0.4282	10.8764	-0.1437	305.7425
Cinoxacin	-1	7.4281	0	0.0333	0	0	5	13.9592	11.8188	0	0	0	1.8126	0	0	1.7583	0	0	0	0	1.4605	0	0	0.1329	0.2549	0.321	5.4565	0.9953	110.3387
Colestipol	-1	2.7071	0	0	0	0	0	13	12.8	0	10.6158	0	0	0	0	0	0	0	9.715	0	0	0	0	0.14	0.1475	0.35	1.7387	-2.5605	86.903
Mesalazine	-1	3.3765	0	0.0241	0	0	3	9.0909	7.7141	0	0	0	0	0	0	-0.1279	0	5.2908	0	0	0	0	0	0.1269	0.2647	0.4365	1.5905	0.3507	75.5503
Dantrolene	-1	8.2375	0	0.0278	0	0	5	17.8112	14.6008	0	0	0	0	0	1.3126	1.5462	0	0	0	0	0.5028	0	0	0.1403	0.2854	0.3761	6.5331	1.7431	169.9863
Paromomycin	-1	17.0278	0	0.0977	0	0	14	34.8652	34.1196	0	0	0	0	0	0	0	0	0	0	0	0	0	0	0.1397	0.2261	0.3557	3.0201	-1.5586	238.9321
Bicalutamide	-1	9.792	0	0.0518	4	0	4	25.2622	22.1919	51.9636	0	0	0.8727	0	0	-3.3771	0	0	0	0	0	0	0	0.1487	0.2559	0.8907	3.4184	2.0191	238.9964
Desonide	-1	12.9529	0	0.105	0	0	6	21.8253	20.5565	0	0	0	7.7875	0	5.3481	0	0	0	0	0	0	0	0	0.1435	0.2096	0.3335	7.9719	0.174	168.7631
Fludroxycortide	-1	13.3191	0	0.1094	1	0	6	22.7755	21.683	15.4796	0	0	7.4473	0	1.472	0	0	0	0	0	0	0	0	0.1459	0.2097	0.3276	8.4217	0.1139	173.425
Balsalazide	-1	8.3432	0	0.0518	0	0	6	22.2908	18.9022	0	0	0	0	0	0	0.3652	0	0	0	0	0	0	0	0.1377	0.2797	0.4035	5.4885	0.9818	179.6925
Mafenide	-1	3.6488	0	0.0278	0	0	2	10.0833	8.8926	0	0	0	0	0	0	0.9881	0	4.8893	0	0	0	0	0	0.1457	0.2037	0.9068	6.0823	1.4272	98.0368
Flutamide	-1	5.8242	0	0.0241	3	0	3	17.0526	14.9392	38.0027	0	0	3.1496	0	0	-2.5641	0	0	0	0	-1.1142	0	0	0.1533	0.2483	0.3552	8.3999	1.5519	157.0806
Halcinonide	-1	14.0215	0	0.1062	1	0	5	22.7755	21.9961	23.2544	0	0	7.3844	0	1.6093	0	0	0	0	0	0	0	6.0467	0.1454	0.2042	0.3148	7.5216	-0.0045	191.3344
Nevirapine	-1	8.1688	0	0.0402	0	0	1	13.6484	11.4011	0	0	0	1.9814	0	0	3.9339	0	0	0	0	2.1067	0	0	0.1277	0.2587	0.3861	1.7273	0.6505	104.9579
Fluoxymesterone	-1	11.2558	0	0.1062	1	0	3	17.4156	16.7136	16.6346	0	0	5.7937	0	1.6452	0	0	0	0	0	0	0	0	0.1441	0.2076	0.3354	7.5684	-0.1077	131.2043
Lansoprazole	-1	8.6589	0	0.0464	3	0	2	19.7531	17.4336	36.9141	0	0	1.5872	0	0	2.3557	0	0	0	0	0	0	0	0.1353	0.2519	0.6663	5.4074	0.6215	193.6123
Mepenzolate_bromide	-1	9.0256	0	0.1287	0	0	3	19.7531	17.8015	0	0	0	4.2789	0	0	1.0477	0	0	0	0	0	0	0	0.0608	0.2255	0.3421	2.8003	-0.2034	171.5311
Liothyronine	-1	8.0275	0	0.0449	0	3	4	19.3264	19.4645	6.3286	0	0	0	0	0	4.8098	0	0	0	0	0	0	0	0.136	0.2533	0.3441	2.5081	0.6818	137.0552
Fluocinonide	-1	14.9593	0	0.0875	2	0	7	26.6009	24.8655	32.8668	0	0	7.8212	0	3.7465	0	0	0	0	0	0	0	0	0.1497	0.2217	0.3354	6.9714	0.9608	224.4944
Dicycloverine	-1	7.5883	0	0.1905	0	0	2	18.3403	17.9363	0	0	0	4.3253	0	0	0	0	0	0	2.3209	0	0	0	0.1405	0.1086	0.3603	2.5405	-1.421	120.8413
Metaxalone	-1	5.0627	0	0.0241	0	0	3	12.4567	11.1061	0	0	0	4.0496	0	0	3.1468	0	0	0	0	0	0	0	0.1387	0.2799	0.4297	6.1022	-0.1665	110.0413
Anisindione	-1	7.4529	0	0.0556	0	0	3	13.9592	11.8093	0	0	0	1.5801	0	0	2.4656	0	0	0	0	0	0	0	0.1348	0.1504	0.2514	3.4058	0.9873	142.7985
Disulfiram	-1	4.7843	0	0	0	0	0	16	17.32	0	0	0	8.4593	0	0	0	0	0	0	4.3291	0	3.1841	0	0.1263	0.1376	0.3237	2.4042	2.3595	136.1244
Acarbose	-1	16.3875	0	0.0845	0	0	17	36.468	35.2116	0	0.7264	0	1.4596	0	1.2772	0	0	0	2.8112	0	0	0	0	0.1397	0.2406	0.3574	2.6281	-0.5649	239.4547
Dexrazoxane	-1	6.001	0	0.0559	0	0	4	15.39	13.6275	0	0	0	1.864	0	0	0	0	0	0	3.4454	0	0	0	0.1491	0.2576	0.3382	2.188	0.0476	113.9536
Budesonide	-1	13.324	0	0.105	0	0	6	22.7755	21.5028	0	0	0	6.2565	0	5.3697	0	0	0	0	0	0	0	0	0.1435	0.2099	0.334	8.0739	0.1667	172.443
Hydroquinone	-1	2.3045	0	0.0278	0	0	2	6.125	5.2801	0	0	0	0	0	0	0.3385	0	0	0	0	0	0	0	0.1316	0.224	0.2602	2.2799	-0.1838	59.0357
Amifostine	-1	2.2803	0	0	0	0	3	12	12.29	0	2.9722	0	0	0	0	0	0	0	3.0147	0	0	0.6645	0	0.1417	0.2664	1.0166	5.3267	1.546	100.3244
Clioquinol	-1	4.9222	0	0.0396	0	1	1	9.551	9.1762	8.002	0	0	0	0	0	1.5275	1.3347	0	0	0	0	0	5.9784	0.1339	0.236	0.3253	1.5968	1.1323	106.1756
Benazepril	-1	10.4133	0	0.0599	0	0	5	25.6198	22.8072	0	5.2177	0	1.7442	0	0	2.6113	0	0	3.1799	0	0	0	0	0.1368	0.2518	0.3876	5.4766	0.0852	213.0819
Metirosine	-1	4.5132	0	0.0278	0	0	3	12.0714	10.8483	0	0	0	1.4605	0	0	0.9426	0	0	0	0	0	0	0	0.1353	0.2509	0.3661	3.2605	-0.2248	97.9597
Aztreonam	-1	9.8843	0.0745	0	0	0	8	24.2711	21.8358	0	0	0	3.6928	0	0	0.061	0	5.526	0	0	0	0	0	0.1325	0.3031	0.9092	4.4367	1.9339	176.5326
Irinotecan	-1	18.2012	0	0.2158	0	0	6	31.5918	28.3376	0	0	0	3.7475	0	0	3.9964	1.6028	0	0	2.5894	0	0	0	0.1352	0.2189	0.4079	10.8106	1.442	229.4044
